300
-802 -748
-232 568
-350 -166
-816 -899
-806 -248
-898 -625
317 775
-264 -893
-336 -766
80 -234
458 -299
566 684
837 973
-193 849
776 -439
-122 225
-369 -1013
41 -677
307 277
-250 391
-1021 785
-267 121
-763 542
-87 -532
1016 562
-590 693
-193 -305
989 720
197 -837
-198 -629
-402 -616
-702 56
-82 -202
160 666
-376 -105
-766 127
-399 281
-867 -465
-295 221
-700 -556
533 -688
161 338
-962 356
-717 -147
19 -657
-494 -516
-715 -360
65 172
469 265
489 -140
521 13
-500 -615
-604 366
634 258
589 280
-126 965
-699 -552
-251 128
260 822
-18 763
-245 -398
-443 865
466 -796
-49 -472
-306 955
286 1024
194 -376
-953 -294
345 981
-42 596
54 -141
-731 -305
-299 175
-814 601
-744 737
-1024 695
-380 245
-789 378
770 -772
-358 683
262 -614
-152 -672
101 435
495 922
-748 180
-360 990
-665 165
988 -804
-466 551
-366 402
69 195
-789 -939
490 955
-448 -821
-930 -452
-734 929
252 159
382 603
-547 149
591 548
406 -837
-640 674
-944 511
-586 -859
218 460
-690 -892
967 418
-410 412
-795 -498
-355 -736
-444 695
-705 -455
-941 -486
81 -1010
-577 -35
165 285
769 309
-888 184
974 881
-824 -198
-989 -323
-169 -946
-188 -272
576 -190
178 -339
1015 674
961 -657
620 -846
435 -811
663 -18
173 -25
961 -928
323 158
-863 -825
566 350
-677 -924
354 956
-647 -918
-760 356
867 -548
-176 -213
826 539
-509 -851
185 -770
-355 585
-70 -830
718 484
-170 -572
244 522
-691 -4
-534 -715
-513 648
-939 753
-892 -132
-831 153
581 156
-762 165
-410 1019
-119 395
772 -877
-971 -630
-962 341
-164 49
602 466
-876 21
322 -929
3 -270
88 220
279 -643
-570 -136
873 -931
-533 -971
-402 -886
646 -916
-636 -90
686 854
-9 78
-553 15
-900 -801
-108 347
-114 209
-360 319
-705 433
-23 -940
815 650
-657 814
-997 -317
-472 295
-743 757
-615 -160
-975 896
-241 -395
892 538
203 -365
199 -653
-80 204
-624 726
475 -771
-238 222
783 -356
-937 -483
-239 90
121 706
847 161
-518 922
963 623
428 924
723 -958
84 604
-578 225
-194 -328
-498 257
367 -862
368 712
106 489
-145 456
-476 393
384 -677
-783 736
-706 -812
800 -547
-459 46
-428 -754
755 -998
-276 -205
573 -557
-917 -413
-196 137
-197 -455
-94 -253
-1013 1014
460 -886
-23 863
553 77
613 -203
-784 -29
-470 555
-597 23
638 -307
390 -569
2 -415
1008 478
-481 411
40 -846
355 -325
171 -270
-442 1006
544 -16
-677 140
-405 593
-1022 -537
-317 -204
532 -971
894 -338
-589 920
951 842
521 343
201 -992
156 922
-812 -728
543 803
290 -432
-643 -140
-624 -756
-235 -923
428 358
-919 -838
198 -226
-652 158
14 -437
-356 542
212 -1006
-836 341
-975 515
21 200
-407 -210
333 91
-935 935
37 -29
901 282
156 238
-882 -475
294 -738
672 222
-131 -549
279 -937
-970 931
-788 372
619 415
-749 954
813 -441
492 -68
-190 -305
-240 -113
98 -35
403 934
-931 998
-47 -148
-412 1014
-52 598