100
-146 1013
327 710
-454 331
403 -825
468 -542
235 53
-497 612
37 151
-786 390
-561 -940
473 706
-323 537
-208 -964
117 -38
-218 -1010
-60 199
163 439
-95 -139
-529 -966
917 -358
-404 147
682 -678
-131 -601
-706 819
-425 -873
-638 419
391 485
-432 476
-489 -938
272 157
-462 -977
-255 -400
884 -602
-795 530
704 942
-585 844
763 -503
-559 -880
320 -668
892 -230
-700 537
-741 814
-820 127
878 -544
123 128
-208 -951
-386 -876
-93 -797
-281 -427
-740 867
31 737
-231 -316
367 -899
-1024 -739
-286 -1013
781 -136
-244 -526
-290 -174
404 -687
-889 -850
247 -639
-535 871
-783 602
854 712
978 166
-52 819
-186 1019
-3 -466
717 -504
713 36
-102 325
221 -957
982 -428
532 -420
-468 -930
-454 148
32 174
-1004 943
611 292
-388 -494
319 365
-405 -723
-567 -347
222 -751
-792 -562
916 -325
99 63
-61 -574
787 615
-103 -684
291 -884
-481 -917
-429 -372
187 -421
201 516
-32 -214
-859 -339
1024 -770
675 314
-468 594