1000
-633 -827
548 943
427 785
596 -565
-943 -671
1007 -756
860 -971
264 521
811 -26
731 -718
957 837
574 488
58 272
-117 22
698 -500
-941 -223
-753 -148
356 -693
-432 -524
208 745
273 -98
763 950
195 805
451 -169
-181 957
419 870
756 -219
950 122
-296 742
-73 -243
-618 -251
-42 -423
447 563
714 -453
87 -495
652 -344
945 -564
597 -751
887 -329
-180 176
-842 747
-542 300
-859 -817
666 652
-2 -1016
-583 250
-1012 77
363 562
747 447
-57 1018
137 -542
-115 -736
181 -136
-492 916
86 365
-925 134
764 -373
970 -535
-840 -868
94 -44
958 656
39 -918
-303 992
270 953
215 -720
874 402
-601 776
536 -981
75 722
101 580
512 337
-352 78
-510 281
-444 -269
243 289
588 -146
-183 457
607 -983
585 -904
-848 -1017
1004 -893
208 -610
-91 875
76 801
-596 77
315 654
673 -858
770 -602
-655 341
997 -112
-416 35
162 518
-516 967
130 275
-449 779
866 -926
-308 -875
604 -533
82 -840
706 -757
-283 -510
-399 -942
501 -120
-503 396
-1021 698
-419 597
985 562
-983 -435
21 836
762 153
906 -49
825 138
-344 801
661 553
945 444
178 -517
569 361
-1022 -528
-917 -619
931 150
-443 -900
701 22
-863 -132
-710 242
-38 174
-901 289
-125 962
331 481
-194 -364
879 557
173 256
-119 996
-800 762
-130 479
949 -183
350 386
-231 834
616 103
148 327
-700 -581
-769 1001
-46 152
-609 685
827 879
-664 -920
-142 662
-615 -937
828 -968
720 -790
-969 -216
679 -868
550 435
886 976
851 791
-494 44
155 -158
-625 -829
-812 602
38 -151
963 -453
1019 950
-421 701
-250 -920
-733 -863
-738 17
789 178
-598 45
-264 239
-220 -690
-915 437
1000 -752
54 540
-295 673
1010 839
-669 -104
-619 -530
-253 364
-933 -589
956 -424
-566 -206
408 -616
-942 664
-29 429
-704 197
-242 702
-122 -66
-660 -494
407 773
-350 -524
-134 -192
522 -562
-950 -665
181 -779
-273 -778
810 -797
-870 635
813 885
-562 -187
-107 935
582 410
-1001 -652
-99 475
-486 -567
-346 767
718 -1014
335 571
148 -480
-535 925
-605 -937
369 997
926 -609
342 675
525 928
725 -923
472 -857
185 259
-352 -700
461 -754
-511 357
-357 313
-441 -34
-883 191
419 -248
-766 -877
583 -722
1010 -340
-259 46
501 625
801 -204
121 -337
420 720
118 -84
62 193
563 179
-39 899
89 -149
-401 801
-232 -444
-228 541
-62 -75
871 -676
-888 -870
-17 -213
881 658
339 664
-710 507
-267 -670
1019 -620
540 408
744 -488
335 699
204 645
-943 339
60 -977
882 82
-379 -241
136 -429
-130 -171
394 -96
549 -47
871 727
-249 -799
-832 761
653 475
735 -707
656 696
44 -547
1022 -607
-556 -195
289 -952
892 558
-773 -510
518 -279
527 -932
-968 -481
-369 56
-524 -232
-938 -36
390 -621
-254 -747
465 -490
784 -91
542 756
-59 207
-772 840
394 -384
719 -432
578 -332
173 -327
89 271
321 261
-640 -8
-314 -833
574 -177
-532 508
-997 802
-588 -91
314 -301
683 -434
776 530
-435 -459
-107 98
-919 462
-645 170
545 302
-569 567
944 -498
-988 -301
-172 286
-629 -828
-440 335
1009 816
-437 -565
-695 486
816 637
-925 -592
262 357
961 978
256 -491
-207 26
225 181
95 959
-621 -300
-424 179
-479 -93
366 -585
69 -872
1021 -749
703 -864
919 -247
-79 142
-935 687
987 -277
199 493
338 -476
774 -372
-695 -659
967 -599
1018 -73
-63 -50
-474 460
342 -186
-622 626
-452 -896
-452 -287
864 -120
-271 268
196 733
-362 162
-778 941
76 -660
-179 429
-309 -601
-617 -926
-641 -584
-800 -135
-442 84
-537 -527
1000 -974
440 -155
402 -14
717 -224
132 394
780 -828
-79 -436
319 -160
148 423
558 484
-60 -642
616 -98
-553 -491
-266 1009
-576 132
-760 157
-586 53
668 788
-209 -794
870 123
75 -437
-570 -36
604 -374
-382 -507
304 585
-147 140
-235 -245
-474 -266
534 -409
255 -556
-69 380
656 -464
-253 -832
-227 -531
-140 989
-656 -573
-6 -354
163 911
-674 155
-915 764
638 1006
-127 4
-30 -962
33 -215
-739 -536
287 -225
602 -202
-16 -141
713 195
51 739
-150 732
-715 -221
640 -430
-973 476
-245 -573
-139 -149
-752 -946
-901 -655
-961 -584
455 -306
323 455
832 117
348 -152
-479 506
379 -593
-383 -961
303 -437
661 -775
-487 -959
-537 -631
-19 -278
-721 -513
983 -159
-613 727
30 -816
340 516
-465 -149
560 187
-992 406
222 -990
1000 -951
181 849
-385 411
-273 -919
730 328
-121 -285
-490 724
-502 -414
-99 -53
-38 -648
229 177
-915 36
462 277
143 247
94 -1024
927 -945
-32 -782
-808 -902
-329 131
305 -60
1016 391
513 -588
-908 -901
-85 -65
-13 897
653 -818
37 -643
881 -941
-65 175
478 -949
557 -629
977 -649
-669 -84
-141 213
339 -129
-377 159
-440 -522
-575 803
6 -48
-707 -187
735 529
-70 142
-14 140
902 -438
627 -45
588 701
-506 -172
384 -317
-974 696
-388 -315
397 66
264 -728
-211 761
-680 -612
690 -629
-198 -70
74 -900
-949 829
255 -436
-115 -570
632 -627
-713 -72
703 -295
609 -330
276 809
-908 -580
424 -601
-615 222
-209 -787
202 -261
641 869
490 -982
-923 600
-571 580
629 -569
292 -500
611 586
1000 -886
481 -597
-354 137
599 491
-258 145
-785 834
782 874
-915 -246
899 596
721 279
-866 -551
250 -129
-727 468
322 -936
-301 -414
616 329
140 -689
-815 324
-659 -572
46 51
60 -513
538 262
298 -627
828 -1014
-540 -586
529 137
-897 -861
-332 -441
-684 739
-654 -905
-621 814
241 -861
627 -2
1021 623
851 590
-500 364
970 30
818 -581
-935 -575
-135 631
663 -322
423 601
859 719
-356 77
117 790
742 166
719 634
775 829
-82 199
691 -658
950 -838
64 -633
-676 -915
443 -423
-989 367
364 -742
881 712
699 674
-448 773
-491 144
810 -104
993 757
373 -387
-937 807
28 625
304 914
885 -854
827 965
916 -432
279 -772
-371 244
851 -901
924 -183
-32 -97
-26 491
-735 -35
-540 -453
423 -651
-174 -809
-501 -971
76 315
720 420
287 -439
459 -615
531 -287
-82 799
-200 -677
422 252
-963 145
323 759
871 -741
-1008 100
-242 556
-980 -523
-111 -562
859 618
-150 -201
-731 -302
473 770
-79 838
455 233
704 -38
837 713
-549 -182
-536 609
877 938
697 933
-247 474
-668 -230
950 -446
-966 166
425 422
837 502
-710 -273
-414 36
342 -837
218 -904
440 -62
-348 76
-257 -442
808 4
-287 680
-606 8
-868 571
472 730
-131 831
-742 -429
69 -799
-17 -391
-696 -429
673 61
-976 -595
870 672
-294 265
817 467
-290 346
119 -817
-458 594
-806 -256
543 725
-228 -497
-950 946
-905 -342
-150 -222
79 924
952 -631
819 -184
524 -533
204 124
-992 533
-111 -963
526 761
22 594
156 -889
807 105
-642 -880
-629 -400
883 -218
201 -290
572 -934
686 -630
307 -584
929 775
232 53
-191 915
-1001 327
-690 297
696 -196
491 -713
1000 -702
-94 -965
997 -130
39 1
-966 -412
592 -379
633 -172
255 93
-462 356
341 -904
101 30
-975 634
408 719
793 -590
828 -170
308 799
159 454
803 222
-584 -341
99 324
-674 138
152 945
142 -813
445 -512
321 640
-597 -123
573 771
-675 969
-590 461
-623 389
-309 -864
146 864
-790 918
-130 -1015
-725 -590
819 -479
142 265
801 -437
-312 -445
283 -161
-463 611
234 30
-861 -45
899 -10
531 -814
-717 -612
-198 -119
77 -815
-936 -681
-559 -490
871 36
-814 995
264 -981
-1009 856
-186 700
230 579
387 157
1017 871
567 474
-551 -851
-266 833
664 149
-696 -830
201 -249
-614 -872
478 23
-1012 -259
945 -616
151 546
-285 351
-207 -908
-9 268
-592 -537
303 -581
399 -413
1020 -552
517 -879
489 -848
367 -107
-134 399
95 803
512 -714
-738 758
412 -785
-369 678
351 -725
585 869
-996 -579
-252 -83
-347 -741
-667 322
808 960
760 -577
-694 795
37 589
890 545
97 452
980 -210
901 317
660 -688
564 -219
83 73
-467 -101
317 754
353 -687
711 656
835 -58
1004 1002
952 -752
-97 -364
-595 214
-1003 753
123 -391
-384 671
611 438
-736 41
-325 86
-193 -237
402 -263
869 413
-578 372
-102 597
-877 154
405 -845
-245 -825
-51 -86
577 -681
-99 -21
28 396
-665 264
-628 -429
-508 -660
944 -818
-110 608
-80 -676
671 -544
346 81
-75 -630
-603 -599
-119 655
239 -1006
292 -185
209 255
968 -968
389 -674
-45 791
627 -970
-406 762
507 -405
-493 921
-1008 38
-34 297
-13 -567
707 -49
469 -798
797 -991
-585 72
-933 366
-772 544
-499 -387
-783 -924
268 -213
590 -389
872 9
-461 -769
-740 -1019
-966 -761
-610 -654
-416 871
674 958
-558 101
129 -118
207 349
-554 435
296 712
-124 345
517 -91
-837 -738
-477 -221
-606 -768
-706 -861
405 1001
28 674
882 224
623 -806
-975 -92
-430 451
-1022 -668
552 651
-872 302
-277 274
88 -208
13 680
-619 310
-838 112
-488 24
592 645
933 65
933 -78
11 -541
-304 -692
412 658
-675 -484
-139 704
-761 -440
-760 -352
570 -622
456 1022
-39 -271
-982 -263
-974 -685
593 727
999 -508
171 -750
-438 746
-488 86
-286 171
-791 560
355 297
-989 269
-759 906
-566 832
-682 621
1016 -702
-772 355
340 668
695 -31
-193 347
461 470
202 -768
994 210
207 889
300 348
560 265
-727 -837
-946 178
690 361
-168 910
632 -35
-229 -767
356 -38
-552 925
457 -133
-100 -122
-618 -583
-934 -59
703 463
-939 106
374 849
-638 115
-812 529
131 707
505 221
646 164
607 -4
-315 764
367 -636
-136 -96
24 694
-874 48
-867 -963
-136 289
572 922
12 -119
-466 -98
-133 -680
79 -690
-727 -352
-366 752
-321 1007
383 330
-1007 819
561 -466
642 162
-207 454
-876 -339
753 -827
344 -230
591 822
965 199
-535 108
-213 272
355 -864
126 -812
-1016 311
369 -970
599 38
927 703
172 -217
-141 731
232 276
601 -220
-357 -410
915 -599
-67 590
900 -280
-544 321
-7 -194
350 -448
293 60
964 799
-922 515
949 -920
-941 599
-790 612
-822 -238
107 -499
575 846
-990 999
-414 -624
688 -665
231 -965
-689 -925
-621 165
-602 -852
-373 39
