(0.20963564779769547, 0.028159267688016614)
(0.3872662849610459, -0.18277508804540848)
(0.014368767313902991, 0.10150253148933228)
(0.0304411187787946, 0.15040618015430893)
(0.19740434319333316, 0.004165725810466237)
(0.2144805635263802, -0.029876382762873608)
(0.12170092062381921, -0.17614590957173204)
(0.1678970034534896, 0.10988041863204998)
(0.1467431589304088, -0.08720427149228491)
(0.18417205822631927, 0.04738136332258841)
(0.2332335371092782, -0.0651040996966844)
(0.18020868312326216, -0.003125583976469442)
(0.24608470896608042, 0.03193426735120322)
(0.4321508404371473, -0.07801709961394447)
(0.12365656780160542, 0.08455320148328929)
(0.0483510051859769, -0.059929624390353486)
(0.28446883726480426, -0.09205695724173457)
(0.24523301122716223, -0.08565663982703872)
(0.045820950478762196, 0.010343174479564496)
(0.2805524020729877, 0.10488161420485739)
(0.1714831687905584, 0.08235642060675502)
(0.27717118361188037, -0.015905681594070298)
(0.16238061682653726, 0.0660315006006492)
(0.10926423539297407, -0.028115164458608795)
(0.2312545304371835, 0.015437372642742846)
(-0.033203760992334574, 0.04666975731899982)
(0.23647841963045263, 0.009777763917692896)
(0.25654339425259465, -0.08783262784739788)
(0.29733977070612727, -0.12436329956385872)
(0.30365574292165287, -0.11601605721989416)
(0.27248343400764696, 0.14886200095674196)
(0.16748889297593877, 0.030587445310386898)
(0.30276426226907466, 0.03943979277487405)
(0.13507104770742023, -0.04271173771930483)
(0.31589896962801567, -0.018759831091396256)
(0.24809179189814326, 0.010627955901126557)
(0.3664830167414714, 0.13307511724396542)
(0.3024793936728638, -0.06047687415238872)
(0.2004886781504723, 0.04843534105994374)
(0.11694009325160268, 0.023924176678972307)
(0.2514227414335751, -0.10931859233616834)
(0.2901205361823902, 0.1505416820602869)
(0.12465631262063345, -0.0336436002447284)
(0.14423622732463115, 0.21809355359742705)
(0.06469467548453678, -0.05492765984791487)
(0.10541802832073859, -0.1391140019530465)
(0.2736618796577562, -0.014828849024959762)
(0.2614350598613626, 0.12808300842357195)
(0.3300087909908387, 0.06838607424678338)
(0.1446217750279188, 0.09573878407521536)
(-1.1001948651721356, -0.2997238246085814)
(-0.9681588392866005, -0.2819914856620749)
(-0.9273047288544436, -0.15124339589060673)
(-0.9032930886187818, -0.09394507047670964)
(-1.0644120314792616, -0.27776717271838436)
(-1.062534182523462, -0.016829281202090096)
(-1.1548065346296814, -0.34735946405728607)
(-0.921146992293577, -0.2773741082053959)
(-1.1807341755145924, -0.15036247971923522)
(-0.9959289527090669, -0.2917985875275759)
(-1.0798701424147163, -0.12763181929597484)
(-1.0890207469883801, -0.2798435347010514)
(-0.9343289405447759, -0.04208197109238265)
(-1.0810116565748726, -0.1731357032018681)
(-0.8552850187823781, -0.2747842983781278)
(-1.0378120622328524, -0.25739973703082497)
(-0.9271713744032934, -0.0715226803882215)
(-1.237369993226654, -0.08797468532379364)
(-0.9837991171486763, -0.24168927083339384)
(-0.8349104313136781, -0.22354515260848698)
(-1.1696901487314808, -0.16885282810176905)
(-1.184574408226331, -0.11561532359267687)
(-1.2881084318858294, 0.0476346280167573)
(-0.886086334081906, 0.020777996823893946)
(-1.2202039220484082, -0.11361117576837826)
(-1.1454524425912356, -0.13088747729350805)
(-1.0936024013682635, -0.16451608205056217)
(-1.1375529612003261, -0.11070815190265373)
(-0.9451298119299198, -0.20776551799156834)
(-1.1233712213605493, -0.13074000857395354)
(-0.9637367928752336, -0.039761120860738935)
(-1.2149925673903377, -0.22416551205635143)
(-1.015248021418318, -0.19744438728045505)
(-1.0163233680742767, 0.029679415442685958)
(-0.9702530412245802, -0.18342555639143351)
(-1.1009239674036622, -0.0657765897857445)
(-1.0448785999334351, -0.13394007078126427)
(-1.0844758863046076, -0.012294069479940134)
(-1.088917299277426, 0.09837211114266478)
(-0.7765641957691253, -0.12276786251029215)
(-1.0342951856461995, -0.17178934293796985)
(-0.8527037903442125, -0.1283251128917)
(-1.1611832055281506, -0.07550447449730346)
(-0.9968187741513611, -0.11604866095482298)
(-1.123555664174606, 0.07890629291119447)
(-1.0997471320798993, -0.22860205401632627)
(-0.9563829072530726, -0.3199073858790411)
(-1.0744056155295647, -0.28249784236119263)
(-0.9928726223272052, -0.2601520070792228)
(-1.0315296678509982, -0.26272703256597085)
(1.0005511439700845, 0.890803962141256)
(0.9550319134872114, 0.9318047635998203)
(0.9178488408726867, 1.0532319769708471)
(0.7718073481973228, 1.0040211869453284)
(0.7385765496109293, 1.0245031387209278)
(0.7704879223491652, 1.0722499287394351)
(0.7948316265844382, 0.9745355212945349)
(0.8985800498188488, 1.0777748251189407)
(0.8676118024675659, 0.9201827872567336)
(0.8783180176913647, 1.1403633256877193)
(0.8338298108869817, 1.328001712794549)
(0.617513249975008, 1.0051982888312332)
(0.773563298150121, 1.0122375655080342)
(0.6718921890205954, 0.9738347599916293)
(0.9050985486086538, 0.9725749459731016)
(0.8368758812267146, 1.231052665961945)
(0.6514784476056871, 0.9761387524519124)
(0.8705130262959233, 1.0500250983714985)
(0.8194738647127842, 0.9763927446863143)
(0.7953976431752475, 1.1462984640168419)
(0.7721653788928885, 1.1030239624597322)
(0.9607214330469348, 0.8650190230666904)
(0.8848580685566249, 0.8914413307399591)
(0.6432786885394158, 0.9374802848529514)
(0.7191267612704798, 1.1377622963321787)
(0.7832852241123271, 0.8494978602533413)
(0.9307459386899488, 1.3142388515685413)
(0.7613545973119007, 0.9619509807301442)
(0.7679929521555612, 0.9392508256379728)
(0.8168226840354935, 1.0494574419807534)
(0.6621245209083424, 1.0950541707536106)
(0.9928177498917715, 1.0256506059307438)
(0.8724307401308038, 1.0417309932286642)
(0.844119094154338, 1.13863395792097)
(0.7999438050928527, 1.0714122864086921)
(0.9331019466130399, 0.9716286297110663)
(0.834968931409404, 0.97701613552371)
(0.6450647439841675, 1.1204273019928814)
(0.9070164193840831, 0.9474655595099374)
(0.7387677716730978, 0.9918587303450228)
(0.8688401462020068, 1.1081804206875556)
(0.9972888685779866, 1.0512952556074895)
(0.7891717979475438, 1.1100861032898337)
(0.9622597483752937, 0.9808714148933407)
(0.8169067242125951, 1.096370034364892)
(0.7953468934448448, 1.107818930357451)
(0.920749192894432, 1.0616248661527643)
(0.6786599877193915, 1.0559277135586107)
(0.9882675722468641, 0.90625305714553)
(0.9291146343971322, 0.9840596450565849)
(-0.8447339219853217, -0.34604660097264095)
(-0.7983262997161724, -0.23380242814456081)
(-0.8512186746485046, -0.266814862825026)
(-0.848254997750609, -0.19120795777040217)
(-0.9118030446920108, -0.1707630108896769)
(-0.6633761018737059, -0.10163229442665135)
(-0.8684045636325533, -0.2684891387885894)
(-1.0162332374440874, -0.15277569508529568)
(-0.8791520064921899, -0.1618549679007868)
(-0.6813705556168003, -0.09451610755280765)
(-0.8031789995481482, -0.11475927534428096)
(-0.8627876955001126, -0.046900133390439205)
(-0.8302425088286811, -0.21738647960240998)
(-1.0057285157606335, -0.24511143814116537)
(-0.8558042777542949, -0.27021722663810666)
(-0.794579082492251, -0.10200952981347378)
(-0.8592818801185514, -0.06280255860409137)
(-0.7976461073460528, -0.24154010162269163)
(-0.6284822529185821, -0.17879718118165386)
(-0.8462505293631557, -0.2833660522777024)
(-0.7939216552069686, -0.20821807601989717)
(-0.6956454762040324, -0.031192339387582646)
(-0.7163527364642449, -0.11290272053399489)
(-0.6843565113067617, -0.17394520566407645)
(-0.8510620318425722, -0.1786219224809704)
(-0.8147841584503726, -0.07486387931797518)
(-0.7731456072145085, -0.2186744777114431)
(-0.7804082507217438, -0.03944966152382599)
(-0.8514993883409737, -0.2769675616310372)
(-0.8296907975326975, -0.20323332246892098)
(-0.7759632072716874, -0.1816424182915315)
(-0.7173656823583188, 0.08544984599724265)
(-0.9298833639437872, -0.2745148381582482)
(-0.7380853549611888, -0.24076984181271796)
(-0.7275682437151529, -0.06779471081284685)
(-0.9986563266864122, -0.35627573350262903)
(-0.6401562816758435, -0.13912274814327166)
(-0.8958087071966171, -0.2195189446952744)
(-0.738558831969212, -0.1658144764396904)
(-0.8666034463200566, -0.14430697683774202)
(-0.8278229574575496, -0.25293711235028626)
(-0.857639633656097, -0.1779723718294755)
(-0.7198937762214345, -0.3359757995505198)
(-0.9429215990094966, -0.19327969925394758)
(-0.587524608716891, -0.1118307749796674)
(-0.8430103008674411, -0.1975382658743998)
(-0.6548885474280111, -0.024945112275828046)
(-0.8232561742854383, -0.17457547282948166)
(-0.9382930678915706, -0.32169806926888456)
(-0.7869096315792952, -0.32262683537744896)
(0.10521961182256609, -0.4968141895403118)
(0.22323929825405847, -0.3337980476370813)
(0.1716971743527222, -0.6143801866515878)
(0.400863666864414, -0.5481264430679662)
(0.05123814628620696, -0.5774104833668885)
(0.1424274367735056, -0.599527396636512)
(0.15369864122308727, -0.46093948985101)
(0.2034462979893808, -0.6037743905298453)
(0.2426659279718069, -0.4620721382219654)
(-0.01903666734064169, -0.5113180332852674)
(0.2680274784131569, -0.6069963269409118)
(0.07122024993533999, -0.39118727315503926)
(0.12705417361268723, -0.5107261938008925)
(0.2833121554079496, -0.4808739801191075)
(0.40973817627893966, -0.3834387279766351)
(0.08438545326385609, -0.4607403888202432)
(0.18828650973407876, -0.551359807496914)
(0.07282668265804831, -0.589927888030483)
(0.30312622025702074, -0.49001154136339636)
(0.3393656342600742, -0.5530185630407771)
(0.23796395188908764, -0.6333024293060677)
(0.24223054208850145, -0.5644381380178439)
(0.05914442616648791, -0.4910934614091195)
(0.23989144293914427, -0.6630973483483747)
(0.29206975558233883, -0.49923598513378536)
(0.23215530411847146, -0.5319490989799561)
(0.06215406001926577, -0.6031158651873476)
(0.2889028876923202, -0.5144109525128602)
(0.28479714789209076, -0.5332662687618814)
(0.16832280312297282, -0.5085046585920971)
(0.27481906207488616, -0.566394539504305)
(0.24493018815968096, -0.4439611761172698)
(0.22189544563818364, -0.5094979443821991)
(0.05631529691179443, -0.41869511127476866)
(0.37069231148856097, -0.6026081130708449)
(0.46416783721865806, -0.4816773863479004)
(0.1755240854550142, -0.6716400849228124)
(0.22620708899493366, -0.6678809765931155)
(0.2983628470704536, -0.6022151286045708)
(0.2135723960747327, -0.5056141067642093)
(0.4139386154351084, -0.5602444436386477)
(0.15460977681256882, -0.5114070475008852)
(0.09722750831988373, -0.6253316714345267)
(0.053669357749645596, -0.6278741783018613)
(0.23604144734844734, -0.454623994609987)
(0.21740025118645048, -0.6200216245236908)
(0.2913497937102539, -0.528211157227461)
(0.3722449369587444, -0.5777429349371881)
(0.2158211305537245, -0.6453974677727069)
(0.18426985468014967, -0.4036781925157079)
